time{
    bfs = [40, 60, 80, 100] : [0.02468801216402939, 0.027793898375600964, 0.03784762646526222, 0.04984060615757386]
    dfs = [0.01940666655009875, 0.028223615918455826, 0.04336167731028731, 0.0606215050187658]
    dij = [0.057597948827419594, 0.08228265548090051, 0.1216512816553623, 0.1554650101634895]
    A*  = [0.04010474294773303, 0.0599682483880315, 0.08746064876377894, 0.11626761623027951]}

length{
    [40,60,80,100]
    bfs = [370.9365384615385, 375.164406779661, 396.69208860759494, 416.6377777777778]
    dfs = [782.4461538461538, 1023.6087570621469, 1535.525, 1508.7615151515151]
    dij = [350.04358974358973, 343.2361581920904, 360.0164556962025, 381.5349494949495]
    ast = [353.4076923076923, 346.8098870056497, 364.1373417721519, 385.30242424242425]
 hop{
     bfs = [4.2525641025641026, 4.307344632768362, 4.382594936708861, 4.60929292929293]
     dfs = [7.806410256410256, 10.537853107344633, 14.504905063291138, 14.355151515151515]
     dij = [4.401282051282052, 4.535028248587571, 4.635759493670886, 4.85010101010101]
     ast = [4.528846153846154, 4.674011299435028, 4.751898734177215,  4.952525252525253]
 }
}